0 58 67 86
1 58 67 86
2 58 67 86
3 10 14 23
4 10 14 22
5 10 14 23
6 9 14 22
7 10 14 22
8 10 14 22
9 10 14 22
10 9 14 22
11 9 14 22
12 9 14 22
13 10 14 22
14 9 14 22
15 9 14 22
16 9 14 22
17 9 14 22
18 9 14 22
19 9 14 22
20 9 14 22
21 9 14 22
22 9 14 22
23 9 14 22
24 9 14 22
25 9 14 22
26 9 14 22
27 9 14 22
28 9 14 22
29 9 14 22
30 9 14 22
31 9 14 22
32 9 14 22
33 9 14 22
34 10 14 22
35 9 14 22
36 9 14 22
37 9 14 22
38 10 14 22
39 9 14 22
40 9 14 22
41 9 14 22
42 10 14 22
43 9 14 22
44 9 14 22
45 9 14 22
46 10 14 22
47 9 14 22
48 9 14 22
49 9 14 22
50 10 14 22
51 9 14 22
52 9 14 22
53 9 14 22
54 9 14 22
55 9 14 22
56 9 14 22
57 9 14 22
58 9 14 22
59 9 14 22
60 9 14 22
61 9 14 22
62 9 14 22
63 9 14 22
64 9 14 22
65 9 14 22
66 9 14 22
67 9 14 22
68 9 14 22
69 9 14 22
70 9 14 22
71 9 14 22
72 9 14 22
73 9 14 22
74 9 14 22
75 9 14 22
76 9 14 22
77 9 14 22
78 9 14 22
79 9 14 22
80 9 14 22
81 9 14 22
82 9 14 22
83 9 14 22
84 9 14 22
85 9 14 22
86 9 14 22
87 9 14 22
88 9 14 22
89 9 14 22
90 9 14 22
91 9 14 22
92 9 14 22
93 9 14 22
94 9 14 22
95 9 14 22
96 9 14 22
97 9 14 22
98 9 14 22
99 9 14 22
100 9 14 22
101 9 14 22
102 9 14 22
103 9 14 22
104 9 14 22
105 9 14 22
106 9 14 22
107 9 14 21
108 9 14 22
109 9 14 21
110 9 14 22
111 9 14 21
112 9 14 22
113 9 14 21
114 9 14 22
115 9 14 21
116 9 14 22
117 9 14 21
118 9 14 21
119 9 14 21
120 9 14 21
121 9 14 21
122 9 14 21
123 9 14 21
124 9 14 21
125 9 14 21
126 9 14 21
127 9 14 21
128 9 14 21
129 9 14 21
130 9 14 21
131 9 14 21
132 9 14 21
133 9 14 21
134 9 14 21
135 9 14 21
136 9 14 21
137 9 13 21
138 9 14 21
139 9 13 21
140 9 14 21
141 9 13 21
142 9 14 21
143 9 13 21
144 9 14 21
145 9 13 21
146 9 14 21
147 9 13 21
148 9 14 21
149 9 13 21
150 9 14 21
151 9 13 21
152 9 14 21
153 9 13 21
154 9 14 21
155 9 13 21
156 9 14 21
157 9 13 21
158 9 13 21
159 9 13 21
160 9 14 21
161 9 13 21
162 9 13 21
163 9 13 21
164 9 14 21
165 9 13 21
166 9 13 21
167 9 13 21
168 9 13 21
169 9 13 21
170 9 13 21
171 9 13 21
172 9 13 21
173 9 13 21
174 9 13 21
175 9 13 21
176 9 13 21
177 9 13 21
178 9 13 21
179 9 13 21
180 9 13 21
181 9 13 21
182 9 13 21
183 9 13 21
184 9 13 21
185 9 13 21
186 9 13 20
187 9 13 20
188 9 13 20
189 9 13 20
190 9 13 20
191 9 13 20
192 9 13 20
193 9 13 20
194 9 13 20
195 9 13 20
196 9 13 20
197 9 13 20
198 9 13 20
199 9 13 20
200 9 13 20
201 9 13 20
202 9 13 20
203 9 13 20
204 9 13 20
205 9 13 20
206 8 12 20
207 8 13 20
208 8 12 20
209 8 12 19
210 8 12 20
211 8 13 19
212 8 12 19
213 8 12 19
214 8 12 19
215 8 13 19
216 8 12 19
217 8 12 19
218 8 12 19
219 7 11 17
220 7 10 17
221 6 10 16
222 6 10 16
223 6 9 15
224 6 10 15
225 6 9 15
226 6 9 15
227 6 9 15
228 6 9 15
229 6 9 15
230 6 9 15
231 6 9 14
232 6 9 15
233 6 9 14
234 6 9 15
235 6 9 14
236 6 9 15
237 6 9 14
238 6 9 15
239 6 9 14
240 6 9 14
241 6 9 14
242 6 9 14
243 6 9 14
244 6 9 14
245 6 9 14
246 6 9 14
247 6 9 14
248 6 9 14
249 6 9 14
250 6 9 14
251 6 9 14
252 6 9 14
253 6 9 14
254 6 9 14
255 6 9 14
256 6 9 14
257 6 9 14
258 6 9 14
259 6 9 14
260 6 9 14
261 6 9 14
262 6 9 14
263 6 9 14
264 6 9 14
265 5 9 14
266 6 9 14
267 6 9 14
268 6 9 14
269 5 9 14
270 6 9 14
271 6 9 14
272 6 9 14
273 5 9 14
274 6 9 14
275 5 9 14
276 6 9 13
277 5 9 14
278 6 9 13
279 5 9 14
280 6 9 13
281 5 9 14
282 6 9 13
283 5 9 14
284 6 8 13
285 5 9 13
286 6 8 13
287 5 9 13
288 5 8 13
289 5 9 13
290 6 8 13
291 5 9 13
292 5 9 14
293 5 9 13
294 5 9 14
295 5 9 13
296 5 9 14
297 5 9 13
298 5 9 13
299 5 9 13
300 5 9 13
301 5 9 13
302 5 9 13
303 5 8 13
304 5 9 13
305 5 9 13
306 5 9 13
307 5 8 13
308 5 9 13
309 5 8 13
310 5 9 13
311 5 8 13
312 5 9 13
313 5 8 13
314 5 9 13
315 5 8 13
316 5 9 13
317 5 8 13
318 5 8 13
319 5 8 13
320 5 9 13
321 5 8 13
322 5 8 13
323 5 8 13
324 5 8 13
325 5 8 13
326 5 8 13
327 5 8 13
328 5 8 13
329 5 8 13
330 5 8 13
331 5 8 13
332 5 8 13
333 5 8 12
334 5 8 13
335 5 8 12
336 5 8 13
337 5 8 12
338 5 8 13
339 5 8 12
340 5 8 12
341 5 8 12
342 5 8 12
343 5 8 12
344 5 8 12
345 5 8 12
346 5 8 12
347 5 8 12
348 5 8 12
349 4 8 12
350 5 8 12
351 5 8 12
352 5 8 12
353 4 8 12
354 5 8 12
355 5 8 12
356 5 8 12
357 4 8 12
358 5 8 12
359 5 8 12
360 5 8 12
361 5 8 12
362 5 8 12
363 5 8 12
364 5 8 12
365 5 8 12
366 5 8 12
367 5 8 12
368 5 8 12
369 6 8 12
370 5 8 13
371 6 8 13
372 6 9 13
373 6 9 13
374 6 9 13
375 7 9 13
376 6 9 13
377 7 9 14
378 7 9 14
379 7 10 14
380 7 10 14
381 7 10 14
382 7 10 14
383 7 10 15
384 8 10 15
385 8 11 15
386 8 11 15
387 8 11 15
388 8 11 16
389 8 11 15
390 8 11 16
391 8 12 16
392 8 12 16
393 8 12 16
394 9 12 16
395 8 12 17
396 8 12 17
397 8 12 17
398 8 12 17
399 8 12 17
400 8 12 17
401 8 12 17
402 9 12 17
403 8 12 17
404 9 12 17
405 8 12 18
406 9 12 17
407 8 12 18
408 9 12 17
409 8 12 18
410 8 12 17
411 8 12 17
412 9 12 17
413 8 12 17
414 9 12 17
415 8 11 17
416 8 12 17
417 8 11 16
418 8 11 16
419 8 11 16
420 8 11 16
421 8 11 15
422 8 11 16
423 8 11 15
424 8 11 15
425 7 11 15
426 7 10 15
427 7 10 14
428 7 10 14
429 7 10 14
430 7 10 15
431 7 11 14
432 8 11 15
433 7 10 15
434 26 31 38
435 26 31 38
436 26 31 38
437 26 31 38
438 26 31 38
439 26 31 38
440 26 31 38
441 26 31 38
442 26 31 38
443 26 31 38
444 26 31 38
445 26 31 38
446 26 31 38
447 26 31 38
448 26 31 38
449 26 31 38
450 26 31 38
451 26 31 38
452 26 31 38
453 26 31 38
454 26 31 38
455 26 31 38
456 26 31 38
457 26 31 38
458 26 31 38
459 26 31 38
460 26 31 38
461 26 31 38
462 26 31 38
463 26 31 38
464 26 31 38
465 26 31 38
466 26 31 38
467 26 31 38
468 26 31 38
469 26 31 38
470 26 31 38
471 26 31 38
472 26 31 38
473 26 31 38
474 26 31 38
475 26 31 38
476 26 31 38
477 26 31 38
478 26 31 38
479 26 31 38
480 26 31 38
481 26 31 38
482 26 31 38
483 26 31 38
484 26 31 38
485 26 31 38
486 26 31 38
487 26 31 38
488 26 31 38
489 26 31 38
490 26 31 38
491 26 31 38
492 26 31 38
493 26 31 38
494 26 31 38
495 26 31 38
496 26 31 38
497 26 31 38
498 26 31 38
499 26 31 38
500 26 31 38
501 26 31 38
502 26 31 38
503 26 31 38
504 26 31 38
505 26 31 38
506 26 31 38
507 26 31 38
508 26 31 38
509 26 31 38
510 26 31 38
511 26 31 38
512 26 31 38
513 26 31 38
514 26 31 38
515 26 31 38
516 26 31 38
517 26 31 38
518 26 31 38
519 26 31 38
520 26 31 38
521 26 31 38
522 26 31 38
523 26 31 38
524 26 31 38
525 26 31 38
526 26 31 38
527 26 31 38
528 26 31 38
529 26 31 38
530 26 31 38
531 26 31 38
532 26 31 38
533 26 31 38
534 26 31 38
535 26 31 38
536 26 31 38
537 26 31 38
538 26 31 38
539 26 31 38
540 26 31 38
541 26 31 38
542 26 31 38
543 26 31 38
544 26 31 38
545 26 31 38
546 26 31 38
547 26 31 38
548 26 31 38
549 26 31 38
550 26 31 38
551 26 31 38
552 26 31 38
553 26 31 38
554 26 31 38
555 26 31 38
556 26 31 38
557 26 31 38
558 26 31 38
559 26 31 38
560 26 31 38
561 26 31 38
562 26 31 38
563 26 31 38
564 26 31 38
565 26 31 38
566 26 31 38
567 26 31 38
568 26 31 38
569 26 31 38
570 26 31 38
571 26 31 38
572 26 31 38
573 26 31 38
574 26 31 38
575 26 31 38
576 26 31 38
577 26 31 38
578 26 31 38
579 26 31 38
580 26 31 38
581 26 31 38
582 26 31 38
583 26 31 38
584 26 31 38
585 26 31 38
586 26 31 38
587 26 31 38
588 26 31 38
589 26 31 38
590 26 31 38
591 26 31 38
592 26 31 38
593 26 31 38
594 26 31 38
595 26 31 38
596 26 31 38
597 26 31 38
598 26 31 38
599 26 31 38
600 26 31 38
601 26 31 38
602 26 31 38
603 26 31 38
604 51 60 70
605 51 60 70
606 51 60 70
607 26 30 35
608 26 30 35
609 26 30 35
610 26 30 35
611 26 30 35
612 26 30 35
613 26 30 35
614 26 30 35
615 26 30 35
616 26 30 35
617 26 30 35
618 26 30 35
619 26 30 35
620 26 30 35
621 26 30 35
622 26 30 35
623 26 30 35
624 26 30 35
625 26 30 35
626 26 30 35
627 26 30 35
628 26 30 35
629 26 30 35
630 26 30 35
631 26 30 35
632 26 30 35
633 26 30 35
634 26 30 35
635 26 30 35
636 26 30 35
637 26 30 35
638 26 30 35
639 26 30 35
640 26 30 35
641 26 30 35
642 26 30 35
643 59 70 80
644 59 70 80
645 59 70 80
646 35 43 51
647 35 43 51
648 35 43 51
649 35 43 51
650 35 43 51
651 35 43 51
652 35 43 51
653 35 43 50
654 35 43 51
655 35 43 50
656 35 43 51
657 34 42 50
658 35 43 51
659 34 42 50
660 34 42 50
661 34 42 50
662 34 42 50
663 34 42 50
664 34 42 50
665 34 42 50
666 34 42 50
667 34 42 50
668 34 42 49
669 34 42 50
670 34 41 49
671 34 42 50
672 34 41 49
673 34 42 50
674 34 41 49
675 34 41 49
676 34 42 50
677 34 41 49
678 34 42 49
679 34 41 49
680 34 42 49
681 33 41 49
682 34 41 49
683 33 41 49
684 34 41 49
685 33 41 49
686 34 41 49
687 33 41 49
688 34 41 49
689 33 41 49
690 33 41 49
691 33 41 49
692 33 41 49
693 33 41 48
694 33 41 49
695 33 41 48
696 33 41 49
697 33 40 48
698 33 41 48
699 33 40 48
700 33 41 48
701 33 40 48
702 33 40 48
703 33 40 48
704 33 40 48
705 33 40 48
706 33 40 48
707 32 40 48
708 33 40 48
709 32 40 48
710 33 40 48
711 32 40 47
712 33 40 48
713 32 40 47
714 32 40 47
715 32 39 47
716 32 40 47
717 32 39 47
718 32 40 47
719 32 39 47
720 32 40 47
721 32 39 47
722 32 39 47
723 32 39 47
724 32 39 47
725 32 39 47
726 32 39 47
727 32 39 46
728 32 39 47
729 32 39 46
730 32 39 47
731 31 39 46
732 32 39 47
733 31 39 46
734 32 39 46
735 31 38 46
736 32 39 46
737 31 38 46
738 31 39 46
739 31 38 46
740 31 39 46
741 31 38 46
742 31 39 46
743 31 38 46
744 31 38 46
745 31 38 46
746 31 38 46
747 31 38 46
748 31 38 46
749 31 38 45
750 31 38 46
751 31 38 45
752 31 38 46
753 31 38 45
754 31 38 45
755 30 37 45
756 31 38 45
757 30 37 45
758 31 38 45
759 30 37 45
760 31 38 45
761 30 37 45
762 30 37 45
763 30 37 44
764 30 37 45
765 30 37 44
766 30 37 45
767 30 37 44
768 30 37 45
769 30 37 44
770 30 37 44
771 30 37 44
772 30 37 44
773 30 37 44
774 30 37 44
775 30 36 44
776 30 37 44
777 30 36 44
778 30 37 44
779 29 36 44
780 30 36 44
781 29 36 44
782 30 36 44
783 29 36 43
784 30 36 44
785 29 36 43
786 29 36 43
787 29 36 43
788 29 36 43
789 29 36 43
790 29 36 43
791 29 36 43
792 29 36 43
793 29 36 43
794 29 36 43
795 29 35 43
796 29 36 43
797 29 35 43
798 29 35 43
799 29 35 42
800 29 35 43
801 29 35 42
802 29 35 43
803 28 35 42
804 29 35 43
805 28 35 42
806 29 35 42
807 28 35 42
808 29 35 42
809 28 35 42
810 28 35 42
811 28 35 42
812 28 35 42
813 28 35 42
814 28 35 42
815 28 34 42
816 28 35 42
817 28 34 42
818 28 34 42
819 28 34 41
820 28 34 42
821 28 34 41
822 28 34 41
823 28 34 41
824 28 34 41
825 28 34 41
826 28 34 41
827 27 34 41
828 28 34 41
829 27 34 41
830 27 33 40
831 27 34 41
832 27 33 40
833 27 34 41
834 27 33 40
835 27 33 40
836 27 33 40
837 27 33 40
838 27 33 40
839 27 33 40
840 27 33 40
841 27 33 40
842 27 33 40
843 27 33 40
844 26 33 40
845 27 33 40
846 27 33 40
847 27 33 40
848 27 33 40
849 26 33 40
850 27 33 40
851 26 33 40
852 27 33 40
853 26 32 39
854 27 33 40
855 26 32 39
856 27 33 40
857 26 32 39
858 26 32 39
859 26 32 39
860 26 32 39
861 26 32 39
862 59 70 80
863 59 70 80
864 59 70 80
865 24 28 33
866 24 28 33
867 24 28 33
868 24 28 33
869 24 28 33
870 24 28 33
871 24 28 33
872 24 28 33
873 24 28 33
874 24 28 33
875 24 28 33
876 24 28 33
877 24 28 33
878 24 28 33
879 24 28 33
880 24 28 33
881 24 28 33
882 24 28 33
883 24 28 33
884 24 28 33
885 24 28 33
886 24 28 33
887 24 28 33
888 24 28 33
889 24 28 33
890 24 28 33
891 24 28 33
892 24 28 33
893 24 28 33
894 24 28 33
895 24 28 33
896 24 28 33
897 24 28 33
898 24 28 33
899 24 28 33
900 24 28 33
901 24 28 33
902 24 28 33
903 24 28 33
904 24 28 33
905 24 28 33
906 24 28 33
907 24 28 33
908 24 28 33
909 24 28 33
910 24 28 33
911 24 28 33
912 24 28 33
913 24 28 33
914 24 28 33
915 24 28 33
916 24 28 33
917 24 28 33
918 24 28 33
919 24 28 33
920 24 28 33
921 24 28 33
922 24 28 33
923 23 27 32
924 24 28 33
925 24 28 33
926 24 28 33
927 23 27 32
928 24 28 33
929 23 27 32
930 24 28 33
931 23 27 32
932 24 28 33
933 23 27 32
934 24 28 33
935 23 27 32
936 24 28 33
937 23 27 32
938 24 28 33
939 23 27 32
940 24 28 33
941 23 27 32
942 24 28 33
943 23 27 32
944 24 28 33
945 23 27 32
946 24 28 33
947 23 27 32
948 24 28 33
949 23 27 32
950 24 28 33
951 23 27 32
952 24 28 33
953 23 27 32
954 23 27 32
955 23 27 32
956 24 28 33
957 23 27 32
958 23 27 32
959 23 27 32
960 24 28 33
961 48 58 68
962 48 58 68
963 48 58 68
964 30 36 43
965 30 36 43
966 30 36 43
967 30 36 43
968 30 36 43
969 30 36 43
970 30 36 43
971 30 36 43
972 30 36 43
973 30 36 43
974 30 36 43
975 30 36 43
976 30 36 43
977 30 36 43
978 30 36 43
979 30 36 43
980 30 36 43
981 30 36 43
982 30 36 43
983 30 36 43
984 30 36 43
985 30 36 43
986 30 36 43
987 30 36 43
988 30 36 43
989 30 36 43
990 30 36 43
991 30 36 43
992 30 36 43
993 30 36 43
994 30 36 43
995 30 36 43
996 30 36 43
997 30 36 43
998 30 36 43
999 30 36 43
1000 30 36 43
1001 30 36 43
1002 30 36 43
1003 30 36 43
1004 30 36 43
1005 30 36 43
1006 30 36 43
1007 30 36 43
1008 30 36 43
1009 30 36 43
1010 30 36 43
1011 30 36 43
1012 30 36 43
1013 30 36 43
1014 30 36 43
1015 30 36 43
1016 30 36 43
1017 30 36 43
1018 30 36 43
1019 30 36 43
1020 30 36 43
1021 30 36 43
1022 30 36 43
1023 30 36 43
1024 30 36 43
1025 30 36 43
1026 30 36 43
1027 30 36 43
1028 30 36 43
1029 30 36 43
1030 30 36 43
1031 30 36 43
1032 48 58 68
1033 48 58 68
1034 48 58 68
1035 23 27 32
1036 23 27 32
1037 23 27 32
1038 23 27 32
1039 23 27 32
1040 23 27 32
1041 23 27 32
1042 23 27 32
1043 23 27 32
1044 23 27 32
1045 23 27 32
1046 23 27 32
1047 23 27 32
1048 23 27 32
1049 23 27 32
1050 48 58 68
1051 48 58 68
1052 48 58 68
1053 30 36 43
1054 30 36 43
1055 30 36 43
1056 30 36 43
1057 30 36 43
1058 30 36 43
1059 30 36 43
1060 30 36 43
1061 30 36 43
1062 30 36 43
1063 30 36 43
1064 30 36 43
1065 30 36 43
1066 30 36 43
1067 30 36 43
1068 30 36 43
1069 30 36 43
1070 30 36 43
1071 30 36 43
1072 30 36 43
1073 30 36 43
1074 30 36 43
1075 30 36 43
1076 30 36 43
1077 30 36 43
1078 30 36 43
1079 30 36 43
1080 30 36 43
1081 30 36 43
1082 30 36 43
1083 30 36 43
1084 30 36 43
1085 30 36 43
1086 30 36 43
1087 30 36 43
1088 30 36 43
1089 30 36 43
1090 30 36 43
1091 30 36 43
1092 30 36 43
1093 30 36 43
1094 30 36 43
1095 30 36 43
1096 30 36 43
1097 30 36 43
1098 30 36 43
1099 30 36 43
1100 30 36 43
1101 30 36 43
1102 30 36 43
1103 30 36 43
1104 30 36 43
1105 30 36 43
1106 30 36 43
1107 30 36 43
1108 30 36 43
1109 30 36 43
1110 30 36 43
1111 30 36 43
1112 30 36 43
1113 30 36 43
1114 30 36 43
1115 30 36 43
1116 30 36 43
1117 30 36 43
1118 30 36 43
1119 30 36 43
1120 30 36 43
1121 30 36 43
1122 48 58 68
1123 48 58 68
1124 48 58 68
1125 22 26 31
1126 22 26 31
1127 22 26 31
1128 22 26 31
1129 22 26 31
1130 22 26 31
1131 22 26 31
1132 22 26 31
1133 22 26 31
1134 22 26 31
1135 22 26 31
1136 22 26 31
1137 22 26 31
1138 22 26 31
1139 48 58 68
1140 48 58 68
1141 48 58 68
1142 30 36 43
1143 30 36 43
1144 30 36 43
1145 30 36 43
1146 30 36 43
1147 30 36 43
1148 30 36 43
1149 30 36 43
1150 30 36 43
1151 30 36 43
1152 30 36 43
1153 30 36 43
1154 30 36 43
1155 30 36 43
1156 30 36 43
1157 30 36 43
1158 30 36 43
1159 30 36 43
1160 30 36 43
1161 30 36 43
1162 30 36 43
1163 30 36 43
1164 30 36 43
1165 30 36 43
1166 30 36 43
1167 30 36 43
1168 30 36 43
1169 30 36 43
1170 30 36 43
1171 30 36 43
1172 30 36 43
1173 30 36 43
1174 30 36 43
1175 30 36 43
1176 30 36 43
1177 30 36 43
1178 30 36 43
1179 30 36 43
1180 30 36 43
1181 30 36 43
1182 30 36 43
1183 30 36 43
1184 30 36 43
1185 30 36 43
1186 30 36 43
1187 30 36 43
1188 30 36 43
1189 30 36 43
1190 30 36 43
1191 30 36 43
1192 30 36 43
1193 30 36 43
1194 30 36 43
1195 30 36 43
1196 30 36 43
1197 30 36 43
1198 30 36 43
1199 30 36 43
1200 30 36 43
1201 30 36 43
1202 30 36 43
1203 30 36 43
1204 30 36 43
1205 30 36 43
1206 30 36 43
1207 30 36 43
1208 30 36 43
1209 30 36 43
1210 30 36 43
1211 48 58 68
1212 48 58 68
1213 48 58 68
1214 22 26 31
1215 21 25 30
1216 22 26 31
1217 21 25 30
1218 22 26 31
1219 21 25 30
1220 22 26 31
1221 21 25 30
1222 22 26 31
1223 21 25 30
1224 22 26 31
1225 21 25 30
1226 22 26 31
1227 21 25 30
1228 48 58 68
1229 48 58 68
1230 48 58 68
1231 30 36 43
1232 30 36 43
1233 30 36 43
1234 30 36 43
1235 30 36 43
1236 30 36 43
1237 30 36 43
1238 30 36 43
1239 30 36 43
1240 30 36 43
1241 30 36 43
1242 30 36 43
1243 30 36 43
1244 30 36 43
1245 30 36 43
1246 30 36 43
1247 30 36 43
1248 30 36 43
1249 30 36 43
1250 30 36 43
1251 30 36 43
1252 30 36 43
1253 30 36 43
1254 30 36 43
1255 30 36 43
1256 30 36 43
1257 30 36 43
1258 30 36 43
1259 30 36 43
1260 30 36 43
1261 30 36 43
1262 30 36 43
1263 30 36 43
1264 30 36 43
1265 30 36 43
1266 30 36 43
1267 30 36 43
1268 30 36 43
1269 30 36 43
1270 30 36 43
1271 30 36 43
1272 30 36 43
1273 30 36 43
1274 30 36 43
1275 30 36 43
1276 30 36 43
1277 30 36 43
1278 30 36 43
1279 30 36 43
1280 30 36 43
1281 30 36 43
1282 30 36 43
1283 30 36 43
1284 30 36 43
1285 30 36 43
1286 30 36 43
1287 30 36 43
1288 30 36 43
1289 30 36 43
1290 30 36 43
1291 30 36 43
1292 30 36 43
1293 30 36 43
1294 30 36 43
1295 30 36 43
1296 30 36 43
1297 30 36 43
1298 30 36 43
1299 30 36 43
1300 48 58 68
1301 48 58 68
1302 48 58 68
1303 21 25 30
1304 21 25 30
1305 21 25 30
1306 21 25 30
1307 21 25 30
1308 21 25 30
1309 21 25 30
1310 21 25 30
1311 21 25 30
1312 21 25 30
1313 21 25 30
1314 21 25 30
1315 21 25 30
1316 21 25 30
1317 21 25 30
1318 48 58 68
1319 48 58 68
1320 48 58 68
1321 30 36 43
1322 30 36 43
1323 30 36 43
1324 30 36 43
1325 30 36 43
1326 30 36 43
1327 30 36 43
1328 30 36 43
1329 30 36 43
1330 30 36 43
1331 30 36 43
1332 30 36 43
1333 30 36 43
1334 30 36 43
1335 30 36 43
1336 30 36 43
1337 30 36 43
1338 30 36 43
1339 30 36 43
1340 30 36 43
1341 30 36 43
1342 30 36 43
1343 30 36 43
1344 30 36 43
1345 30 36 43
1346 30 36 43
1347 30 36 43
1348 30 36 43
1349 30 36 43
1350 30 36 43
1351 30 36 43
1352 30 36 43
1353 30 36 43
1354 30 36 43
1355 30 36 43
1356 30 36 43
1357 30 36 43
1358 30 36 43
1359 30 36 43
1360 30 36 43
1361 30 36 43
1362 30 36 43
1363 30 36 43
1364 30 36 43
1365 30 36 43
1366 30 36 43
1367 30 36 43
1368 30 36 43
1369 30 36 43
1370 30 36 43
1371 30 36 43
1372 30 36 43
1373 30 36 43
1374 30 36 43
1375 30 36 43
1376 30 36 43
1377 30 36 43
1378 30 36 43
1379 30 36 43
1380 30 36 43
1381 30 36 43
1382 30 36 43
1383 30 36 43
1384 30 36 43
1385 30 36 43
1386 30 36 43
1387 30 36 43
1388 30 36 43
1389 48 58 68
1390 48 58 68
1391 48 58 68
1392 20 24 29
1393 20 24 29
1394 20 24 29
1395 20 24 29
1396 20 24 29
1397 20 24 29
1398 20 24 29
1399 20 24 29
1400 20 24 29
1401 20 24 29
1402 20 24 29
1403 20 24 29
1404 20 24 29
1405 20 24 29
1406 20 24 29
1407 20 24 29
1408 20 24 29
1409 20 24 29
1410 20 24 29
1411 20 24 29
1412 20 24 29
1413 20 24 29
1414 20 24 29
1415 20 24 29
1416 20 24 29
1417 20 24 29
1418 20 24 29
1419 20 24 29
1420 20 24 29
1421 20 24 29
1422 20 24 29
1423 20 24 29
1424 20 24 29
1425 20 24 29
1426 20 24 29
1427 20 24 29
1428 20 24 29
1429 20 24 29
1430 20 24 29
1431 20 24 29
1432 20 24 29
1433 20 24 29
1434 20 24 29
1435 20 24 29
1436 20 24 29
1437 20 24 29
1438 20 24 29
1439 20 24 29
1440 20 24 29
1441 20 24 29
1442 20 24 29
1443 20 24 29
1444 20 24 29
1445 20 24 29
1446 20 24 29
1447 20 24 29
1448 20 24 29
1449 20 24 29
1450 20 24 29
1451 20 24 29
1452 20 24 29
1453 20 24 29
1454 20 24 29
1455 20 24 29
1456 20 24 29
1457 20 24 29
1458 20 24 29
1459 20 24 28
1460 20 24 29
1461 20 24 29
1462 20 24 29
1463 20 24 28
1464 20 24 29
1465 20 24 28
1466 20 24 29
1467 20 24 28
1468 20 24 29
1469 20 24 28
1470 20 24 29
1471 20 23 28
1472 20 24 29
1473 20 24 28
1474 20 24 29
1475 20 23 28
1476 20 24 29
1477 20 24 28
1478 20 24 29
1479 20 23 28
1480 20 24 29
1481 20 23 28
1482 20 24 29
1483 20 23 28
1484 20 24 29
1485 20 23 28
1486 20 24 29
1487 19 23 28
1488 20 24 29
1489 20 23 28
1490 20 24 28
1491 19 23 28
1492 20 24 29
1493 20 23 28
1494 20 24 28
1495 19 23 28
1496 20 24 28
1497 20 23 28
1498 20 24 28
1499 19 23 28
1500 20 24 28
1501 19 23 28
1502 20 24 28
1503 19 23 28
1504 20 24 28
1505 19 23 28
1506 20 24 28
1507 19 23 28
1508 20 24 28
1509 19 23 28
1510 20 23 28
1511 19 23 28
1512 20 24 28
1513 19 23 28
1514 20 23 28
1515 19 23 28
1516 20 23 28
1517 19 23 28
1518 20 23 28
1519 19 23 28
1520 20 23 28
1521 19 23 28
1522 20 23 28
1523 19 23 28
1524 20 23 28
1525 19 23 28
1526 20 23 28
1527 19 23 28
1528 20 23 28
1529 19 23 28
1530 20 23 28
1531 19 23 28
1532 19 23 28
1533 19 23 28
1534 20 23 28
1535 19 23 28
1536 19 23 28
1537 19 23 28
1538 20 23 28
1539 19 23 28
1540 19 23 28
1541 19 23 28
1542 19 23 28
1543 19 23 28
1544 19 23 28
1545 19 23 28
1546 19 23 28
1547 19 23 28
1548 19 23 28
1549 19 23 28
1550 19 23 28
1551 19 23 28
1552 19 23 28
1553 19 23 28
1554 19 23 28
1555 19 23 28
1556 19 23 28
1557 19 23 28
1558 19 23 28
1559 19 23 28
1560 19 23 28
1561 19 23 28
1562 19 23 28
1563 19 23 28
1564 19 23 28
1565 19 23 28
1566 19 23 28
1567 19 23 28
1568 19 23 28
1569 19 23 28
1570 19 23 28
1571 19 23 28
1572 19 23 28
1573 19 23 28
1574 19 23 28
1575 19 23 28
1576 19 23 28
1577 19 23 27
1578 19 23 28
1579 19 23 28
1580 19 23 28
1581 19 23 27
1582 19 23 28
1583 19 23 27
1584 19 23 28
1585 19 23 27
1586 19 23 28
1587 19 23 27
1588 19 23 28
1589 19 23 27
1590 19 23 28
1591 19 23 27
1592 19 23 28
1593 19 23 27
1594 19 23 28
1595 19 23 27
1596 19 23 28
1597 19 23 27
1598 19 23 28
1599 19 23 27
1600 19 23 28
1601 19 23 27
1602 19 23 28
1603 19 23 27
1604 19 23 27
1605 19 23 27
1606 19 23 28
1607 19 23 27
1608 19 23 27
1609 19 23 27
1610 19 23 28
1611 19 23 27
1612 19 23 27
1613 19 22 27
1614 19 23 27
1615 19 23 27
1616 19 23 27
1617 19 22 27
1618 19 23 27
1619 19 23 27
1620 19 23 27
1621 19 22 27
1622 19 23 27
1623 19 22 27
1624 19 23 27
1625 19 22 27
1626 19 23 27
1627 19 22 27
1628 19 23 27
1629 19 22 27
1630 19 23 27
1631 19 22 27
1632 19 23 27
1633 19 22 27
1634 19 23 27
1635 19 22 27
1636 19 23 27
1637 19 22 27
1638 19 23 27
1639 19 22 27
1640 19 23 27
1641 19 22 27
1642 19 23 27
1643 19 22 27
1644 19 22 27
1645 19 22 27
1646 19 23 27
1647 19 22 27
1648 19 22 27
1649 19 22 27
1650 19 23 27
1651 19 22 27
1652 19 22 27
1653 19 22 27
1654 19 22 27
1655 19 22 27
1656 19 22 27
1657 19 22 27
1658 19 22 27
1659 19 22 27
1660 19 22 27
1661 19 22 27
1662 19 22 27
1663 19 22 27
1664 19 22 27
1665 18 22 27
1666 19 22 27
1667 19 22 27
1668 19 22 27
1669 18 22 27
1670 19 22 27
1671 19 22 27
1672 19 22 27
1673 18 22 27
1674 19 22 27
1675 18 22 27
1676 19 22 27
1677 18 22 27
1678 19 22 27
1679 18 22 27
1680 19 22 27
1681 18 22 27
1682 19 22 27
1683 18 22 27
1684 19 22 27
1685 18 22 27
1686 19 22 27
1687 18 22 27
1688 19 22 27
1689 18 22 27
1690 19 22 27
1691 18 22 27
1692 19 22 27
1693 18 22 26
1694 19 22 27
1695 18 22 27
1696 19 22 27
1697 18 22 26
1698 19 22 27
1699 18 22 27
1700 19 22 27
1701 18 22 26
1702 19 22 27
1703 18 22 26
1704 19 22 27
1705 18 22 26
1706 19 22 27
1707 18 22 26
1708 18 22 27
1709 18 22 26
1710 19 22 27
1711 18 22 26
1712 18 22 27
1713 18 22 26
1714 19 22 27
1715 18 22 26
1716 18 22 27
1717 18 22 26
1718 18 22 27
1719 18 22 26
1720 18 22 27
1721 18 22 26
1722 18 22 27
1723 18 22 26
1724 18 22 26
1725 18 22 26
1726 18 22 27
1727 18 22 26
1728 18 22 26
1729 18 22 26
1730 18 22 26
1731 18 22 26
1732 18 22 26
1733 18 22 26
1734 18 22 26
1735 18 22 26
1736 18 22 26
1737 18 22 26
1738 18 22 26
1739 18 22 26
1740 18 22 26
1741 18 22 26
1742 18 22 26
1743 18 22 26
1744 18 22 26
1745 44 54 64
1746 44 54 64
1747 44 54 64
1748 44 54 64
1749 44 54 64
1750 44 54 64
1751 44 54 64
1752 20 26 33
1753 20 26 33
1754 20 26 33
1755 20 26 33
1756 20 26 33
1757 20 26 33
1758 20 26 33
1759 20 26 33
1760 20 26 33
1761 20 26 33
1762 20 26 33
1763 20 26 33
1764 20 26 33
1765 20 26 33
1766 20 26 33
1767 20 26 33
1768 20 26 33
1769 20 26 33
1770 20 26 33
1771 20 26 33
1772 20 26 33
1773 20 26 33
1774 20 26 33
1775 20 26 33
1776 20 26 33
1777 20 26 33
1778 20 26 33
1779 20 26 33
1780 20 26 33
1781 20 26 33
1782 20 26 33
1783 20 26 33
1784 20 26 33
1785 20 26 33
1786 20 26 33
1787 20 26 33
1788 20 26 33
1789 20 26 33
1790 20 26 33
1791 20 26 33
1792 20 26 33
1793 20 26 33
1794 20 26 33
1795 20 26 33
1796 20 26 33
1797 20 26 33
1798 20 26 33
1799 20 26 33
1800 28 31 44
1801 38 46 44
1802 20 26 33
1803 20 26 33
1804 20 26 33
1805 20 26 33
1806 20 26 33
1807 20 26 33
1808 20 26 33
1809 20 26 33
1810 20 26 33
1811 20 26 33
1812 20 26 33
1813 20 26 33
1814 28 31 48
1815 20 31 38
1816 20 26 33
1817 20 26 33
1818 20 26 33
1819 20 26 33
1820 20 26 33
1821 20 26 33
1822 20 26 33
1823 20 26 33
1824 20 26 33
1825 20 26 33
1826 20 26 33
1827 20 26 33
1828 20 26 33
1829 20 26 33
1830 20 26 33
1831 20 26 33
1832 20 26 33
1833 20 26 33
1834 20 26 33
1835 20 26 33
1836 20 26 33
1837 20 26 33
1838 20 26 33
1839 20 26 33
1840 20 26 33
1841 20 26 33
1842 20 26 33
1843 20 26 33
1844 20 26 33
1845 20 26 33
1846 20 26 33
1847 20 26 33
1848 20 26 33
1849 20 26 33
1850 20 26 33
1851 20 26 33
1852 20 26 33
1853 20 26 33
1854 20 26 33
1855 20 26 33
1856 20 26 33
1857 20 26 33
1858 20 26 33
1859 20 26 33
1860 20 26 33
1861 20 26 33
1862 20 26 33
1863 20 26 33
1864 20 26 33
1865 20 26 33
1866 20 26 33
1867 20 26 33
1868 20 26 33
1869 20 26 33
1870 20 26 33
1871 20 26 33
1872 20 26 33
1873 20 26 33
1874 20 26 33
1875 20 26 33
1876 20 26 33
1877 20 26 33
1878 20 26 33
1879 20 26 33
1880 20 26 33
1881 20 26 33
1882 20 26 33
1883 20 26 33
1884 20 26 33
1885 20 26 33
1886 20 26 33
1887 20 26 33
1888 20 26 33
1889 20 26 33
1890 20 26 33
1891 20 26 33
1892 20 26 33
1893 20 26 33
1894 20 26 33
1895 20 26 33
1896 20 26 33
1897 20 26 33
1898 20 26 33
1899 20 26 33
1900 20 26 33
1901 20 26 33
1902 20 26 33
1903 20 26 33
1904 90 74 42
1905 90 74 42
1906 90 74 42
1907 36 28 17
1908 36 28 17
1909 36 28 17
1910 36 28 17
1911 36 28 17
1912 36 28 17
1913 36 28 17
1914 36 28 17
1915 36 28 17
1916 36 28 17
1917 36 28 17
1918 36 28 17
1919 36 28 17
1920 36 28 17
1921 36 28 17
1922 36 28 17
1923 36 28 17
1924 36 28 17
1925 36 28 17
1926 36 28 17
1927 36 28 17
1928 36 28 17
1929 36 28 17
1930 36 28 17
1931 36 28 17
1932 36 28 17
1933 36 28 17
1934 36 28 17
1935 36 28 17
1936 36 28 17
1937 36 28 17
1938 36 28 17
1939 36 28 17
1940 36 28 17
1941 36 28 17
1942 36 28 17
1943 36 28 17
1944 36 28 17
1945 36 28 17
1946 36 28 17
1947 36 28 17
1948 36 28 17
1949 36 28 17
1950 36 28 17
1951 36 28 17
1952 36 28 17
1953 36 28 17
1954 36 28 17
1955 36 28 17
1956 36 28 17
1957 36 28 17
1958 36 28 17
1959 36 28 17
1960 36 28 17
1961 36 28 17
1962 36 28 17
1963 36 28 17
1964 36 28 17
1965 36 28 17
1966 36 28 17
1967 36 28 17
1968 36 28 17
1969 36 28 17
1970 36 28 17
1971 36 28 17
1972 36 28 17
1973 36 28 17
1974 36 28 17
1975 36 28 17
1976 36 28 17
1977 36 28 17
1978 36 28 17
1979 36 28 17
1980 36 28 17
1981 36 28 17
1982 36 28 17
1983 36 28 17
1984 36 28 17
1985 36 28 17
1986 36 28 17
1987 36 28 17
1988 36 28 17
1989 36 28 17
1990 36 28 17
1991 36 28 17
1992 36 28 17
1993 36 28 17
1994 36 28 17
1995 36 28 17
1996 36 28 17
1997 36 28 17
1998 36 28 17
1999 36 28 17
2000 36 28 17
2001 36 28 17
2002 36 28 17
2003 36 28 17
2004 36 28 17
2005 36 28 17
2006 36 28 17
2007 36 28 17
2008 36 28 17
2009 36 28 17
2010 36 28 17
2011 36 28 17
2012 36 28 17
2013 36 28 17
2014 36 28 17
2015 36 28 17
2016 36 28 17
2017 36 28 17
2018 36 28 17
2019 36 28 17
2020 36 28 17
2021 36 28 17
2022 36 28 17
2023 36 28 17
2024 36 28 17
2025 36 28 17
2026 36 28 17
2027 36 28 17
2028 36 28 17
2029 36 28 17
2030 36 28 17
2031 36 28 17
2032 36 28 17
2033 36 28 17
2034 36 28 17
2035 36 28 17
2036 36 28 17
2037 36 28 17
2038 36 28 17
2039 36 28 17
2040 90 74 42
2041 90 74 42
2042 90 74 42
2043 20 26 33
2044 20 26 33
2045 20 26 33
2046 20 26 33
2047 20 26 33
2048 20 26 33
2049 20 26 33
2050 20 26 33
2051 20 26 33
2052 20 26 33
2053 20 26 33
2054 20 26 33
2055 20 26 33
2056 20 26 33
2057 20 26 33
2058 20 26 33
2059 20 26 33
2060 20 26 33
2061 20 26 33
2062 20 26 33
2063 20 26 33
2064 20 26 33
2065 20 26 33
2066 20 26 33
2067 20 26 33
2068 20 26 33
2069 20 26 33
2070 20 26 33
2071 20 26 33
2072 20 26 33
2073 20 26 33
2074 20 26 33
2075 20 26 33
2076 20 26 33
2077 20 26 33
2078 20 26 33
2079 20 26 33
2080 20 26 33
2081 20 26 33
2082 20 26 33
2083 20 26 33
2084 20 26 33
2085 11 16 22
2086 11 16 22
2087 11 16 22
2088 11 16 22
2089 11 16 22
2090 11 16 22
2091 11 16 22
2092 11 16 22
2093 11 16 22
2094 11 16 22
2095 11 16 22
2096 11 16 22
2097 11 16 22
2098 11 16 22
2099 11 16 22
2100 11 16 22
2101 11 16 22