0 13 13 27
1 13 13 27
2 13 13 27
3 13 13 27
4 13 13 27
5 13 13 27
6 13 13 27
7 13 13 27
8 13 13 27
9 13 13 27
10 13 13 27
11 13 13 27
12 13 13 27
13 13 13 27
14 13 14 27
15 13 14 27
16 13 14 27
17 13 14 27
18 13 14 27
19 13 14 27
20 13 14 27
21 13 14 27
22 13 14 27
23 13 14 27
24 13 14 27
25 13 14 27
26 13 14 27
27 13 14 27
28 13 14 27
29 13 15 27
30 13 15 27
31 13 15 27
32 13 15 27
33 13 15 27
34 13 15 27
35 13 15 27
36 13 15 27
37 13 15 27
38 13 15 27
39 13 15 27
40 13 15 27
41 13 15 27
42 13 15 27
43 13 15 27
44 13 15 27
45 13 15 27
46 13 16 27
47 13 16 27
48 13 16 27
49 13 16 27
50 13 16 27
51 13 16 27
52 13 16 27
53 13 16 27
54 13 16 27
55 13 16 27
56 13 16 27
57 13 16 27
58 13 16 27
59 13 16 27
60 13 16 27
61 13 16 27
62 13 17 27
63 13 17 27
64 13 17 27
65 13 17 27
66 13 17 27
67 13 17 27
68 13 17 27
69 13 17 27
70 13 17 27
71 13 17 27
72 13 17 27
73 13 17 27
74 13 17 27
75 13 17 27
76 13 17 27
77 13 17 27
78 13 17 27
79 13 17 27
80 13 18 27
81 13 18 27
82 13 18 27
83 13 18 27
84 13 18 27
85 13 18 27
86 13 18 27
87 13 18 27
88 13 18 27
89 13 18 27
90 13 18 27
91 13 18 27
92 13 18 27
93 13 18 27
94 13 18 27
95 13 18 27
96 13 18 27
97 13 18 27
98 13 18 27
99 13 18 27
100 13 18 27
101 13 18 27
102 13 19 27
103 13 19 27
104 13 19 27
105 13 19 27
106 13 19 27
107 13 19 27
108 13 19 27
109 13 19 27
110 13 19 27
111 13 19 27
112 13 19 26
113 13 19 26
114 13 19 26
115 13 19 26
116 13 19 26
117 13 19 26
118 13 19 26
119 13 19 26
120 13 19 26
121 13 19 26
122 13 19 26
123 13 19 26
124 13 20 26
125 13 20 26
126 13 20 26
127 13 20 26
128 13 20 26
129 13 20 26
130 13 20 26
131 13 20 26
132 13 20 26
133 13 20 26
134 13 20 26
135 13 20 26
136 13 20 26
137 13 20 26
138 13 20 26
139 13 20 26
140 13 20 26
141 220 100 72
142 219 101 73
143 13 13 13
144 13 13 13
145 13 13 13
146 13 13 13
147 13 13 13
148 13 13 13
149 13 13 13
150 13 13 13
151 13 13 13
152 13 13 13
153 13 13 13
154 13 13 13
155 13 13 13
156 13 13 13
157 13 13 13
158 13 13 13
159 13 13 13
160 13 13 13
161 13 13 13
162 13 13 13
163 13 13 13
164 13 13 13
165 13 13 13
166 13 13 13
167 13 13 13
168 13 13 13
169 13 13 13
170 13 13 13
171 13 13 13
172 13 13 13
173 13 13 13
174 13 13 13
175 13 13 13
176 13 13 13
177 13 13 13
178 13 13 13
179 13 13 13
180 13 13 13
181 13 13 13
182 13 13 13
183 13 13 13
184 13 13 13
185 13 13 13
186 13 13 13
187 13 13 13
188 13 13 13
189 13 13 13
190 13 13 13
191 13 13 13
192 13 13 13
193 13 13 13
194 13 13 13
195 13 13 13
196 13 13 13
197 13 13 13
198 13 13 13
199 13 13 13
200 13 13 13
201 13 13 13
202 13 13 13
203 13 13 13
204 13 13 13
205 13 13 13
206 13 13 13
207 13 13 13
208 13 13 13
209 13 13 13
210 13 13 13
211 13 13 13
212 13 13 13
213 13 13 13
214 13 13 13
215 13 13 13
216 13 13 13
217 13 13 13
218 13 13 13
219 13 13 13
220 13 13 13
221 13 13 13
222 13 13 13
223 13 13 13
224 13 13 13
225 13 13 13
226 13 13 13
227 13 13 13
228 13 13 13
229 13 13 13
230 13 13 13
231 13 13 13
232 13 13 13
233 13 13 13
234 13 13 13
235 13 13 13
236 13 13 13
237 13 13 13
238 13 13 13
239 13 13 13
240 13 13 13
241 13 13 13
242 13 13 13
243 13 13 13
244 13 13 13
245 13 13 13
246 13 13 13
247 13 13 13
248 13 13 13
249 13 13 13
250 13 13 13
251 13 13 13
252 13 13 13
253 13 13 13
254 13 13 13
255 13 13 13
256 13 13 13
257 13 13 13
258 13 13 13
259 13 13 13
260 13 13 13
261 13 13 13
262 13 13 13
263 13 13 13
264 13 13 13
265 13 13 13
266 13 13 13
267 13 13 13
268 13 13 13
269 13 13 13
270 13 13 13
271 13 13 13
272 13 13 13
273 13 13 13
274 13 13 13
275 13 13 13
276 13 13 13
277 13 13 13
278 13 13 13
279 13 13 13
280 13 13 13
281 13 13 13
282 13 13 13
283 13 13 13
284 13 13 13
285 13 13 13
286 13 13 13
287 13 13 13
288 13 13 13
289 13 13 13
290 13 13 13
291 13 13 13
292 13 13 13
293 13 13 13
294 13 13 13
295 13 13 13
296 13 13 13
297 13 13 13
298 13 13 13
299 13 13 13
300 13 13 13
301 13 13 13
302 13 13 13
303 13 13 13
304 13 13 13
305 13 13 13
306 13 13 13
307 13 13 13
308 13 13 13
309 13 13 13
310 13 13 13
311 13 13 13
312 13 13 13
313 13 13 13
314 13 13 13
315 13 13 13
316 13 13 13
317 13 13 13
318 13 13 13
319 13 13 13
320 13 13 13
321 13 13 13
322 13 13 13
323 13 13 13
324 13 13 13
325 13 13 13
326 13 13 13
327 13 13 13
328 13 13 13
329 13 13 13
330 13 13 13
331 13 13 13
332 13 13 13
333 13 13 13
334 13 13 13
335 13 13 13
336 13 13 13
337 13 13 13
338 13 13 13
339 13 13 13
340 13 13 13
341 13 13 13
342 13 13 13
343 13 13 13
344 13 13 13
345 13 13 13
346 13 13 13
347 13 13 13
348 13 13 13
349 13 13 13
350 13 13 13
351 13 13 13
352 13 13 13
353 13 13 13
354 13 13 13
355 13 13 13
356 13 13 13
357 13 13 13
358 13 13 13
359 13 13 13
360 13 13 13
361 13 13 13
362 13 13 13
363 13 13 13
364 13 13 13
365 13 13 13
366 13 13 13
367 13 13 13
368 13 13 13
369 13 13 13
370 13 13 13
371 13 13 13
372 13 13 13
373 13 13 13
374 13 13 13
375 13 13 13
376 13 13 13
377 13 13 13
378 13 13 13
379 13 13 13
380 13 13 13
381 13 13 13
382 13 13 13
383 13 13 13
384 13 13 13
385 13 13 13
386 13 13 13
387 13 13 13
388 13 13 13
389 13 13 13
390 13 13 13
391 13 13 13
392 13 13 13
393 13 13 13
394 13 13 13
395 13 13 13
396 13 13 13
397 13 13 13
398 13 13 13
399 13 13 13
400 13 13 13
401 13 13 13
402 13 13 13
403 13 13 13
404 13 13 13
405 13 13 13
406 13 13 13
407 13 13 13
408 13 13 13
409 13 13 13
410 13 13 13
411 13 13 13
412 13 13 13
413 13 13 13
414 13 13 13
415 13 13 13
416 13 13 13
417 13 13 13
418 13 13 13
419 13 13 13
420 13 13 13
421 13 13 13
422 13 13 13
423 13 13 13
424 13 13 13
425 13 13 13
426 13 13 13
427 13 13 13
428 13 13 13
429 13 13 13
430 13 13 13
431 13 13 13
432 13 13 13
433 13 13 13
434 13 13 13
435 13 13 13
436 13 13 13
437 13 13 13
438 13 13 13
439 13 13 13
440 13 13 13
441 13 13 13
442 13 13 13
443 13 13 13
444 13 13 13
445 13 13 13
446 13 13 13
447 13 13 13
448 13 13 13
449 13 13 13
450 13 13 13
451 13 13 13
452 13 13 13
453 13 13 13
454 13 13 13
455 13 13 13
456 13 13 13
457 13 13 13
458 13 13 13
459 13 13 13
460 13 13 13
461 13 13 13
462 13 13 13
463 13 13 13
464 13 13 13
465 13 13 13
466 13 13 13
467 13 13 13
468 13 13 13
469 13 13 13
470 13 13 13
471 13 13 13
472 13 13 13
473 13 13 13
474 13 13 13
475 13 13 13
476 13 13 13
477 13 13 13
478 13 13 13
479 13 13 13
480 13 13 13
481 13 13 13
482 13 13 13
483 13 13 13
484 13 13 13
485 13 13 13
486 13 13 13
487 13 13 13
488 13 13 13
489 13 13 13
490 13 13 13
491 13 13 13
492 13 13 13
493 13 13 13
494 13 13 13
495 13 13 13
496 13 13 13
497 13 13 13
498 13 13 13
499 13 13 13
500 13 13 13
501 13 13 13
502 13 13 13
503 13 13 13
504 13 13 13
505 13 13 13
506 13 13 13
507 13 13 13
508 13 13 13
509 13 13 13
510 13 13 13
511 13 13 13
512 13 13 13
513 13 13 13
514 13 13 13
515 13 13 13
516 13 13 13
517 13 13 13
518 13 13 13
519 13 13 13
520 13 13 13
521 13 13 13
522 13 13 13
523 13 13 13
524 13 13 13
525 13 13 13
526 13 13 13
527 13 13 13
528 13 13 13
529 13 13 13
530 13 13 13
531 13 13 13
532 13 13 13
533 13 13 13
534 13 13 13
535 13 13 13
536 13 13 13
537 13 13 13
538 13 13 13
539 13 13 13
540 13 13 13
541 13 13 13
542 13 13 13
543 13 13 13
544 13 13 13
545 13 13 13
546 13 13 13
547 13 13 13
548 13 13 13
549 13 13 13
550 13 13 13
551 13 13 13
552 13 13 13
553 13 13 13
554 13 13 13
555 13 13 13
556 13 13 13
557 13 13 13
558 13 13 13
559 13 13 13
560 13 13 13
561 13 13 13
562 13 13 13
563 13 13 13
564 13 13 13
565 13 13 13
566 13 13 13
567 13 13 13
568 13 13 13
569 13 13 13
570 13 13 13
571 13 13 13
572 13 13 13
573 13 13 13
574 13 13 13
575 13 13 13
576 13 13 13
577 13 13 13
578 13 13 13
579 13 13 13
580 13 13 13
581 13 13 13
582 13 13 13
583 13 13 13
584 13 13 13
585 13 13 13
586 13 13 13
587 13 13 13
588 13 13 13
589 13 13 13
590 13 13 13
591 13 13 13
592 13 13 13
593 13 13 13
594 13 13 13
595 13 13 13
596 13 13 13
597 13 13 13
598 13 13 13
599 13 13 13
600 13 13 13
601 13 13 13
602 13 13 13
603 13 13 13
604 13 13 13
605 13 13 13
606 13 13 13
607 13 13 13
608 13 13 13
609 13 13 13
610 13 13 13
611 13 13 13
612 13 13 13
613 13 13 13
614 13 13 13
615 13 13 13
616 13 13 13
617 13 13 13
618 13 13 13
619 13 13 13
620 13 13 13
621 13 13 13
622 13 13 13
623 13 13 13
624 13 13 13
625 13 13 13
626 13 13 13
627 13 13 13
628 13 13 13
629 13 13 13
630 13 13 13
631 13 13 13
632 13 13 13
633 13 13 13
634 13 13 13
635 13 13 13
636 13 13 13
637 13 13 13
638 13 13 13
639 13 13 13
640 13 13 13
641 13 13 13
642 13 13 13
643 13 13 13
644 13 13 13
645 13 13 13
646 13 13 13
647 13 13 13
648 13 13 13
649 13 13 13
650 13 13 13
651 13 13 13
652 13 13 13
653 13 13 13
654 13 13 13
655 13 13 13
656 13 13 13
657 13 13 13
658 13 13 13
659 13 13 13
660 13 13 13
661 13 13 13
662 13 13 13
663 13 13 13
664 13 13 13
665 13 13 13
666 13 13 13
667 13 13 13
668 13 13 13
669 13 13 13
670 34 42 46
671 34 42 46
672 34 42 46
673 34 42 46
674 34 42 46
675 34 42 46
676 34 42 46
677 34 42 46
678 34 42 46
679 34 42 46
680 34 42 46
681 34 42 46
682 34 42 46
683 34 42 46
684 34 42 46
685 34 42 46
686 34 42 46
687 34 42 46
688 34 42 46
689 34 42 46
690 34 42 46
691 34 42 46
692 34 42 46
693 34 42 46
694 34 42 46
695 34 42 46
696 34 42 46
697 34 42 46
698 34 42 46
699 34 42 46
700 34 42 46
701 34 42 46
702 34 42 46
703 34 42 46
704 34 42 46
705 34 42 46
706 34 42 46
707 34 42 46
708 34 42 46
709 34 42 46
710 34 42 46
711 34 42 46
712 34 42 46
713 34 42 46
714 34 42 46
715 34 42 46
716 34 42 46
717 34 42 46
718 34 42 46
719 34 42 46
720 34 42 46
721 34 42 46
722 34 42 46
723 34 42 46
724 34 42 46
725 34 42 46
726 34 42 46
727 34 42 46
728 34 42 46
729 34 42 46
730 34 42 46
731 34 42 46
732 34 42 46
733 34 42 46
734 34 42 46
735 34 42 46
736 34 42 46
737 34 42 46
738 34 42 46
739 34 42 46
740 34 42 46
741 34 42 46
742 34 42 46
743 34 42 46
744 34 42 46
745 34 42 46
746 34 42 46
747 34 42 46
748 34 42 46
749 34 42 46
750 34 42 46
751 34 42 46
752 34 42 46
753 34 42 46
754 34 42 46
755 34 42 46
756 34 42 46
757 34 42 46
758 34 42 46
759 34 42 46
760 34 42 46
761 34 42 46
762 34 42 46
763 34 42 46
764 34 42 46
765 34 42 46
766 34 42 46
767 34 42 46
768 34 42 46
769 34 42 46
770 34 42 46
771 34 42 46
772 34 42 46
773 34 42 46
774 34 42 46
775 34 42 46
776 34 42 46
777 34 42 46
778 34 42 46
779 34 42 46
780 34 42 46
781 34 42 46
782 34 42 46
783 34 42 46
784 34 42 46
785 34 42 46
786 34 42 46
787 34 42 46
788 34 42 46
789 34 42 46
790 34 42 46
791 34 42 46
792 34 42 46
793 34 42 46
794 34 42 46
795 34 42 46
796 34 42 46
797 34 42 46
798 34 42 46
799 34 42 46
800 34 42 46
801 34 42 46
802 34 42 46
803 34 42 46
804 34 42 46
805 34 42 46
806 34 42 46
807 34 42 46
808 34 42 46
809 34 42 46
810 34 42 46
811 34 42 46
812 34 42 46
813 34 42 46
814 34 42 46
815 34 42 46
816 34 42 46
817 34 42 46
818 34 42 46
819 34 42 46
820 34 42 46
821 34 42 46
822 34 42 46
823 34 42 46
824 34 42 46
825 34 42 46
826 34 42 46
827 34 42 46
828 34 42 46
829 34 42 46
830 13 13 13
831 13 13 13
832 13 13 13
833 13 13 13
834 13 13 13
835 13 13 13
836 13 13 13
837 13 13 13
838 13 13 13
839 13 13 13
840 13 13 13
841 13 13 13
842 13 13 13
843 13 13 13
844 13 13 13
845 13 13 13
846 13 13 13
847 13 13 13
848 13 13 13
849 13 13 13
850 13 13 13
851 34 42 46
852 34 42 46
853 34 42 46
854 34 42 46
855 34 42 46
856 34 42 46
857 34 42 46
858 34 42 46
859 34 42 46
860 34 42 46
861 34 42 46
862 34 42 46
863 34 42 46
864 34 42 46
865 34 42 46
866 34 42 46
867 34 42 46
868 34 42 46
869 34 42 46
870 34 42 46
871 34 42 46
872 34 42 46
873 34 42 46
874 34 42 46
875 34 42 46
876 34 42 46
877 34 42 46
878 34 42 46
879 34 42 46
880 34 42 46
881 34 42 46
882 34 42 46
883 34 42 46
884 34 42 46
885 34 42 46
886 34 42 46
887 34 42 46
888 34 42 46
889 34 42 46
890 34 42 46
891 34 42 46
892 34 42 46
893 34 42 46
894 34 42 46
895 34 42 46
896 34 42 46
897 34 42 46
898 34 42 46
899 34 42 46
900 34 42 46
901 34 42 46
902 34 42 46
903 34 42 46
904 34 42 46
905 34 42 46
906 34 42 46
907 34 42 46
908 34 42 46
909 34 42 46
910 34 42 46
911 34 42 46
912 34 42 46
913 34 42 46
914 34 42 46
915 34 42 46
916 34 42 46
917 34 42 46
918 34 42 46
919 34 42 46
920 34 42 46
921 34 42 46
922 34 42 46
923 34 42 46
924 34 42 46
925 34 42 46
926 34 42 46
927 34 42 46
928 34 42 46
929 34 42 46
930 34 42 46
931 34 42 46
932 34 42 46
933 34 42 46
934 34 42 46
935 34 42 46
936 34 42 46
937 34 42 46
938 34 42 46
939 34 42 46
940 34 42 46
941 34 42 46
942 34 42 46
943 34 42 46
944 34 42 46
945 34 42 46
946 34 42 46
947 34 42 46
948 34 42 46
949 34 42 46
950 34 42 46
951 34 42 46
952 34 42 46
953 34 42 46
954 34 42 46
955 34 42 46
956 34 42 46
957 34 42 46
958 34 42 46
959 34 42 46
960 34 42 46
961 34 42 46
962 34 42 46
963 34 42 46
964 34 42 46
965 34 42 46
966 34 42 46
967 34 42 46
968 34 42 46
969 34 42 46
970 34 42 46
971 34 42 46
972 34 42 46
973 34 42 46
974 34 42 46
975 34 42 46
976 34 42 46
977 34 42 46
978 34 42 46
979 34 42 46
980 34 42 46
981 34 42 46
982 34 42 46
983 34 42 46
984 34 42 46
985 34 42 46
986 34 42 46
987 34 42 46
988 34 42 46
989 34 42 46
990 34 42 46
991 34 42 46
992 34 42 46
993 34 42 46
994 34 42 46
995 34 42 46
996 34 42 46
997 34 42 46
998 34 42 46
999 34 42 46
1000 34 42 46
1001 34 42 46
1002 34 42 46
1003 34 42 46
1004 34 42 46
1005 34 42 46
1006 34 42 46
1007 34 42 46
1008 34 42 46
1009 34 42 46
1010 34 42 46
1011 13 13 13
1012 13 13 13
1013 13 13 13
1014 13 13 13
1015 13 13 13
1016 13 13 13
1017 13 13 13
1018 13 13 13
1019 13 13 13
1020 13 13 13
1021 13 13 13
1022 13 13 13
1023 13 13 13
1024 13 13 13
1025 13 13 13
1026 13 13 13
1027 13 13 13
1028 13 13 13
1029 13 13 13
1030 13 13 13
1031 13 13 13
1032 34 42 46
1033 34 42 46
1034 34 42 46
1035 34 42 46
1036 34 42 46
1037 34 42 46
1038 34 42 46
1039 34 42 46
1040 34 42 46
1041 34 42 46
1042 34 42 46
1043 34 42 46
1044 34 42 46
1045 34 42 46
1046 34 42 46
1047 34 42 46
1048 34 42 46
1049 34 42 46
1050 34 42 46
1051 34 42 46
1052 34 42 46
1053 34 42 46
1054 34 42 46
1055 34 42 46
1056 34 42 46
1057 34 42 46
1058 34 42 46
1059 34 42 46
1060 34 42 46
1061 34 42 46
1062 34 42 46
1063 34 42 46
1064 34 42 46
1065 34 42 46
1066 34 42 46
1067 34 42 46
1068 34 42 46
1069 34 42 46
1070 34 42 46
1071 34 42 46
1072 34 42 46
1073 34 42 46
1074 34 42 46
1075 34 42 46
1076 34 42 46
1077 34 42 46
1078 34 42 46
1079 34 42 46
1080 34 42 46
1081 34 42 46
1082 34 42 46
1083 34 42 46
1084 34 42 46
1085 34 42 46
1086 34 42 46
1087 34 42 46
1088 34 42 46
1089 34 42 46
1090 34 42 46
1091 34 42 46
1092 34 42 46
1093 34 42 46
1094 34 42 46
1095 34 42 46
1096 34 42 46
1097 34 42 46
1098 34 42 46
1099 34 42 46
1100 34 42 46
1101 34 42 46
1102 34 42 46
1103 34 42 46
1104 34 42 46
1105 34 42 46
1106 34 42 46
1107 34 42 46
1108 34 42 46
1109 34 42 46
1110 34 42 46
1111 34 42 46
1112 34 42 46
1113 34 42 46
1114 34 42 46
1115 34 42 46
1116 34 42 46
1117 34 42 46
1118 34 42 46
1119 34 42 46
1120 34 42 46
1121 34 42 46
1122 34 42 46
1123 34 42 46
1124 34 42 46
1125 34 42 46
1126 34 42 46
1127 34 42 46
1128 34 42 46
1129 34 42 46
1130 34 42 46
1131 34 42 46
1132 34 42 46
1133 34 42 46
1134 34 42 46
1135 34 42 46
1136 34 42 46
1137 34 42 46
1138 34 42 46
1139 34 42 46
1140 34 42 46
1141 34 42 46
1142 34 42 46
1143 34 42 46
1144 34 42 46
1145 34 42 46
1146 34 42 46
1147 34 42 46
1148 34 42 46
1149 34 42 46
1150 34 42 46
1151 34 42 46
1152 34 42 46
1153 34 42 46
1154 34 42 46
1155 34 42 46
1156 34 42 46
1157 34 42 46
1158 34 42 46
1159 34 42 46
1160 34 42 46
1161 34 42 46
1162 34 42 46
1163 34 42 46
1164 34 42 46
1165 34 42 46
1166 34 42 46
1167 34 42 46
1168 34 42 46
1169 34 42 46
1170 34 42 46
1171 34 42 46
1172 34 42 46
1173 34 42 46
1174 34 42 46
1175 34 42 46
1176 34 42 46
1177 34 42 46
1178 34 42 46
1179 34 42 46
1180 34 42 46
1181 34 42 46
1182 34 42 46
1183 34 42 46
1184 34 42 46
1185 34 42 46
1186 34 42 46
1187 34 42 46
1188 34 42 46
1189 34 42 46
1190 34 42 46
1191 13 13 13
1192 13 13 13
1193 13 13 13
1194 13 13 13
1195 13 13 13
1196 13 13 13
1197 13 13 13
1198 13 13 13
1199 13 13 13
1200 13 13 13
1201 13 13 13
1202 13 13 13
1203 13 13 13
1204 13 13 13
1205 13 13 13
1206 13 13 13
1207 13 13 13
1208 13 13 13
1209 13 13 13
1210 13 13 13
1211 13 13 13
1212 13 13 13
1213 13 13 13
1214 13 13 13
1215 13 13 13
1216 13 13 13
1217 13 13 13
1218 13 13 13
1219 13 13 13
1220 13 13 13
1221 13 13 13
1222 13 13 13
1223 13 13 13
1224 13 13 13
1225 82 87 91
1226 76 81 85
1227 13 13 13
1228 13 13 13
1229 13 13 13
1230 13 13 13
1231 13 13 13
1232 13 13 13
1233 13 13 13
1234 13 13 13
1235 13 13 13
1236 13 13 13
1237 18 18 19
1238 13 13 13
1239 13 13 13
1240 13 13 13
1241 13 13 13
1242 13 13 13
1243 13 13 13
1244 13 13 13
1245 13 13 13
1246 13 13 13
1247 13 13 13
1248 13 13 13
1249 13 13 13
1250 13 13 13
1251 13 13 13
1252 13 13 13
1253 13 13 13
1254 13 13 13
1255 13 13 13
1256 13 13 13
1257 13 13 13
1258 13 13 13
1259 13 13 13
1260 13 13 13
1261 13 13 13
1262 13 13 13
1263 13 13 13
1264 13 13 13
1265 13 13 13
1266 13 13 13
1267 13 13 13
1268 13 13 13
1269 13 13 13
1270 13 13 13
1271 13 13 13
1272 13 13 13
1273 13 13 13
1274 13 13 13
1275 13 13 13
1276 13 13 13
1277 13 13 13
1278 13 13 13
1279 13 13 13
1280 13 13 13
1281 13 13 13
1282 13 13 13
1283 13 13 13
1284 13 13 13
1285 13 13 13
1286 13 13 13
1287 13 13 13
1288 13 13 13
1289 13 13 13
1290 13 13 13
1291 13 13 13
1292 13 13 13
1293 13 13 13
1294 13 13 13
1295 13 13 13
1296 13 13 13
1297 13 13 13
1298 13 13 13
1299 13 13 13
1300 13 13 13
1301 13 13 13
1302 13 13 13
1303 13 13 13
1304 13 13 13
1305 13 13 13
1306 13 13 13
1307 13 13 13
1308 13 13 13
1309 13 13 13
1310 13 13 13
1311 13 13 13
1312 13 13 13
1313 13 13 13
1314 13 13 13
1315 13 13 13
1316 13 13 13
1317 13 13 13
1318 13 13 13
1319 13 13 13
1320 13 13 13
1321 13 13 13
1322 13 13 13
1323 13 13 13
1324 13 13 13
1325 13 13 13
1326 13 13 13
1327 13 13 13
1328 13 13 13
1329 13 13 13
1330 13 13 13
1331 13 13 13
1332 13 13 13
1333 13 13 13
1334 13 13 13
1335 13 13 13
1336 13 13 13
1337 13 13 13
1338 13 13 13
1339 13 13 13
1340 13 13 13
1341 13 13 13
1342 13 13 13
1343 13 13 13
1344 13 13 13
1345 13 13 13
1346 13 13 13
1347 13 13 13
1348 13 13 13
1349 13 13 13
1350 13 13 13
1351 13 13 13
1352 13 13 13
1353 13 13 13
1354 13 13 13
1355 13 13 13
1356 13 13 13
1357 13 13 13
1358 13 13 13
1359 13 13 13
1360 13 13 13
1361 13 13 13
1362 13 13 13
1363 13 13 13
1364 13 13 13
1365 13 13 13
1366 13 13 13
1367 13 13 13
1368 13 13 13
1369 13 13 13
1370 13 13 13
1371 13 13 13
1372 13 13 13
1373 13 13 13
1374 13 13 13
1375 13 13 13
1376 13 13 13
1377 13 13 13
1378 13 13 13
1379 13 13 13
1380 13 13 13
1381 13 13 13
1382 13 13 13
1383 13 13 13
1384 13 13 13
1385 13 13 13
1386 13 13 13
1387 13 13 13
1388 13 13 13
1389 13 13 13
1390 13 13 13
1391 13 13 13
1392 13 13 13
1393 13 13 13
1394 13 13 13
1395 13 13 13
1396 13 13 13
1397 13 13 13
1398 13 13 13
1399 13 13 13
1400 13 13 13
1401 13 13 13
1402 13 13 13
1403 13 13 13
1404 13 13 13
1405 13 13 13
1406 13 13 13
1407 13 13 13
1408 13 13 13
1409 13 13 13
1410 13 13 13
1411 13 13 13
1412 13 13 13
1413 13 13 13
1414 13 13 13
1415 13 13 13
1416 13 13 13
1417 13 13 13
1418 13 13 13
1419 13 13 13
1420 13 13 13
1421 13 13 13
1422 13 13 13
1423 13 13 13
1424 13 13 13
1425 13 13 13
1426 13 13 13
1427 13 13 13
1428 13 13 13
1429 13 13 13
1430 13 13 13
1431 13 13 13
1432 13 13 13
1433 13 13 13
1434 13 13 13
1435 13 13 13
1436 13 13 13
1437 13 13 13
1438 13 13 13
1439 13 13 13
1440 13 13 13
1441 13 13 13
1442 13 13 13
1443 13 13 13
1444 13 13 13
1445 13 13 13
1446 13 13 13
1447 13 13 13
1448 13 13 13
1449 13 13 13
1450 13 13 13
1451 13 13 13
1452 13 13 13
1453 13 13 13
1454 13 13 13
1455 13 13 13
1456 13 13 13
1457 13 13 13
1458 13 13 13
1459 13 13 13
1460 13 13 13
1461 13 13 13
1462 13 13 13
1463 13 13 13
1464 13 13 13
1465 13 13 13
1466 13 13 13
1467 13 13 13
1468 13 13 13
1469 13 13 13
1470 13 13 13
1471 13 13 13
1472 13 13 13
1473 13 13 13
1474 13 13 13
1475 13 13 13
1476 13 13 13
1477 13 13 13
1478 13 13 13
1479 13 13 13
1480 13 13 13
1481 13 13 13
1482 13 13 13
1483 13 13 13
1484 13 13 13
1485 13 13 13
1486 13 13 13
1487 13 13 13
1488 13 13 13
1489 13 13 13
1490 13 13 13
1491 13 13 13
1492 13 13 13
1493 13 13 13
1494 13 13 13
1495 13 13 13
1496 13 13 13
1497 13 13 13
1498 13 13 13
1499 13 13 13
1500 13 13 13
1501 13 13 13
1502 13 13 13
1503 13 13 13
1504 13 13 13
1505 13 13 13
1506 13 13 13
1507 13 13 13
1508 13 13 13
1509 13 13 13
1510 13 13 13
1511 13 13 13
1512 13 13 13
1513 13 13 13
1514 13 13 13
1515 13 13 13
1516 13 13 13
1517 13 13 13
1518 13 13 13
1519 13 13 13
1520 13 13 13
1521 13 13 13
1522 13 13 13
1523 13 13 13
1524 13 13 13
1525 13 13 13
1526 13 13 13
1527 13 13 13
1528 13 13 13
1529 13 13 13
1530 13 13 13
1531 13 13 13
1532 13 13 13
1533 13 13 13
1534 13 13 13
1535 13 13 13
1536 13 13 13
1537 13 13 13
1538 13 13 13
1539 13 13 13
1540 13 13 13
1541 13 13 13
1542 13 13 13
1543 13 13 13
1544 13 13 13
1545 13 13 13
1546 13 13 13
1547 13 13 13
1548 13 13 13
1549 13 13 13
1550 13 13 13
1551 13 13 13
1552 13 13 13
1553 13 13 13
1554 13 13 13
1555 13 13 13
1556 13 13 13
1557 13 13 13
1558 13 13 13
1559 13 13 13
1560 13 13 13
1561 13 13 13
1562 13 13 13
1563 13 13 13
1564 13 13 13
1565 13 13 13
1566 13 13 13
1567 13 13 13
1568 13 13 13
1569 13 13 13
1570 13 13 13
1571 13 13 13
1572 13 13 13
1573 13 13 13
1574 13 13 13
1575 13 13 13
1576 13 13 13
1577 13 13 13
1578 13 13 13
1579 13 13 13
1580 13 13 13
1581 13 13 13
1582 13 13 13
1583 13 13 13
1584 13 13 13
1585 13 13 13
1586 13 13 13
1587 13 13 13
1588 13 13 13
1589 13 13 13
1590 13 13 13
1591 13 13 13
1592 13 13 13
1593 13 13 13
1594 13 13 13
1595 13 13 13
1596 13 13 13
1597 13 13 13
1598 13 13 13
1599 13 13 13
1600 13 13 13
1601 13 13 13
1602 13 13 13
1603 13 13 13
1604 13 13 13
1605 13 13 13
1606 13 13 13
1607 13 13 13
1608 13 13 13
1609 13 13 13
1610 13 13 13
1611 13 13 13
1612 13 13 13
1613 13 13 13
1614 13 13 13
1615 13 13 13
1616 13 13 13
1617 13 13 13
1618 13 13 13
1619 13 13 13
1620 13 13 13
1621 13 13 13
1622 13 13 13
1623 13 13 13
1624 13 13 13
1625 13 13 13
1626 13 13 13
1627 13 13 13
1628 13 13 13
1629 13 13 13
1630 13 13 13
1631 13 13 13
1632 13 13 13
1633 13 13 13
1634 13 13 13
1635 13 13 13
1636 13 13 13
1637 13 13 13
1638 13 13 13
1639 13 13 13
1640 13 13 13
1641 13 13 13
1642 13 13 13
1643 13 13 13
1644 13 13 13
1645 13 13 13
1646 13 13 13
1647 13 13 13
1648 13 13 13
1649 13 13 13
1650 13 13 13
1651 13 13 13
1652 13 13 13
1653 13 13 13
1654 13 13 13
1655 13 13 13
1656 13 13 13
1657 13 13 13
1658 13 13 13
1659 13 13 13
1660 13 13 13
1661 13 13 13
1662 13 13 13
1663 13 13 13
1664 13 13 13
1665 13 13 13
1666 13 13 13
1667 13 13 13
1668 13 13 13
1669 13 13 13
1670 13 13 13
1671 13 13 13
1672 13 13 13
1673 13 13 13
1674 13 13 13
1675 13 13 13
1676 13 13 13
1677 13 13 13
1678 13 13 13
1679 13 13 13
1680 13 13 13
1681 13 13 13
1682 13 13 13
1683 13 13 13
1684 13 13 13
1685 13 13 13
1686 13 13 13
1687 13 13 13
1688 13 13 13
1689 13 13 13
1690 13 13 13
1691 13 13 13
1692 13 13 13
1693 13 13 13
1694 13 13 13
1695 13 13 13
1696 13 13 13
1697 13 13 13
1698 13 13 13
1699 13 13 13
1700 13 13 13
1701 13 13 13
1702 13 13 13
1703 13 13 13
1704 13 13 13
1705 13 13 13
1706 13 13 13
1707 13 13 13
1708 13 13 13
1709 13 13 13
1710 13 13 13
1711 13 13 13
1712 13 13 13
1713 13 13 13
1714 13 13 13
1715 13 13 13
1716 13 13 13
1717 13 13 13
1718 13 13 13
1719 13 13 13
1720 13 13 13
1721 13 13 13
1722 13 13 13
1723 13 13 13
1724 13 13 13
1725 13 13 13
1726 13 13 13
1727 13 13 13
1728 13 13 13
1729 13 13 13
1730 13 13 13
1731 13 13 13
1732 13 13 13
1733 13 13 13
1734 13 13 13
1735 13 13 13
1736 13 13 13
1737 13 13 13
1738 13 13 13
1739 13 13 13
1740 13 13 13
1741 13 13 13
1742 13 13 13
1743 13 13 13
1744 13 13 13
1745 13 13 13
1746 13 13 13
1747 13 13 13
1748 13 13 13
1749 13 13 13
1750 13 13 13
1751 13 13 13
1752 13 13 13
1753 13 13 13
1754 13 13 13
1755 13 13 13
1756 13 13 13
1757 13 13 13
1758 13 13 13
1759 13 13 13
1760 13 13 13
1761 13 13 13
1762 13 13 13
1763 13 13 13
1764 13 13 13
1765 13 13 13
1766 13 13 13
1767 13 13 13
1768 13 13 13
1769 13 13 13
1770 13 13 13
1771 13 13 13
1772 13 13 13
1773 13 13 13
1774 13 13 13
1775 13 13 13
1776 13 13 13
1777 13 13 13
1778 13 13 13
1779 13 13 13
1780 13 13 13
1781 13 13 13
1782 13 13 13
1783 13 13 13
1784 13 13 13
1785 13 13 13
1786 13 13 13
1787 13 13 13
1788 13 13 13
1789 13 13 13
1790 13 13 13
1791 13 13 13
1792 13 13 13
1793 13 13 13
1794 13 13 13
1795 13 13 13
1796 13 13 13
1797 13 13 13
1798 13 13 13
1799 13 13 13
1800 13 13 13
1801 13 13 13
1802 13 13 13
1803 13 13 13
1804 13 13 13
1805 13 13 13
1806 13 13 13
1807 13 13 13
1808 13 13 13
1809 13 13 13
1810 13 13 13
1811 13 13 13
1812 13 13 13
1813 13 13 13
1814 13 13 13
1815 13 13 13
1816 13 13 13
1817 13 13 13
1818 13 13 13
1819 13 13 13
1820 13 13 13
1821 13 13 13
1822 13 13 13
1823 13 13 13
1824 13 13 13
1825 13 13 13
1826 13 13 13
1827 13 13 13
1828 13 13 13
1829 13 13 13
1830 13 13 13
1831 13 13 13
1832 13 13 13
1833 13 13 13
1834 13 13 13
1835 13 13 13
1836 13 13 13
1837 13 13 13
1838 13 13 13
1839 13 13 13
1840 13 13 13
1841 13 13 13
1842 13 13 13
1843 13 13 13
1844 13 13 13
1845 13 13 13
1846 13 13 13
1847 13 13 13
1848 13 13 13
1849 13 13 13
1850 13 13 13
1851 13 13 13
1852 13 13 13
1853 13 13 13
1854 13 13 13
1855 13 13 13
1856 13 13 13
1857 13 13 13
1858 13 13 13
1859 13 13 13
1860 13 13 13
1861 13 13 13
1862 13 13 13
1863 13 13 13
1864 13 13 13
1865 13 13 13
1866 13 13 13
1867 13 13 13
1868 13 13 13
1869 13 13 13
1870 13 13 13
1871 13 13 13
1872 13 13 13
1873 13 13 13
1874 13 13 13
1875 13 13 13
1876 13 13 13
1877 13 13 13
1878 13 13 13
1879 13 13 13
1880 13 13 13
1881 13 13 13
1882 13 13 13
1883 13 13 13
1884 13 13 13
1885 13 13 13
1886 13 13 13
1887 13 13 13
1888 13 13 13
1889 13 13 13
1890 13 13 13
1891 13 13 13
1892 13 13 13
1893 13 13 13
1894 13 13 13
1895 13 13 13
1896 13 13 13
1897 13 13 13
1898 13 13 13
1899 13 13 13
1900 13 13 13
1901 13 13 13
1902 13 13 13
1903 13 13 13
1904 13 13 13
1905 13 13 13
1906 13 13 13
1907 13 13 13
1908 13 13 13
1909 13 13 13
1910 13 13 13
1911 13 13 13
1912 13 13 13
1913 13 13 13
1914 13 13 13
1915 13 13 13
1916 13 13 13
1917 13 13 13
1918 13 13 13
1919 13 13 13
1920 13 13 13
1921 13 13 13
1922 13 13 13
1923 13 13 13
1924 13 13 13
1925 13 13 13
1926 13 13 13
1927 13 13 13
1928 13 13 13
1929 13 13 13
1930 13 13 13
1931 13 13 13
1932 13 13 13
1933 13 13 13
1934 13 13 13
1935 13 13 13
1936 13 13 13
1937 13 13 13
1938 13 13 13
1939 13 13 13
1940 13 13 13
1941 13 13 13
1942 13 13 13
1943 13 13 13
1944 13 13 13
1945 13 13 13
1946 13 13 13
1947 13 13 13
1948 13 13 13
1949 13 13 13
1950 13 13 13
1951 13 13 13
1952 13 13 13
1953 13 13 13
1954 13 13 13
1955 13 13 13
1956 13 13 13
1957 13 13 13
1958 13 13 13
1959 13 13 13
1960 13 13 13
1961 13 13 13
1962 13 13 13
1963 13 13 13
1964 13 13 13
1965 13 13 13
1966 13 13 13
1967 13 13 13
1968 13 13 13
1969 13 13 13
1970 13 13 13
1971 13 13 13
1972 13 13 13
1973 13 13 13
1974 13 13 13
1975 13 13 13
1976 13 13 13
1977 13 13 13
1978 13 13 13
1979 13 13 13
1980 13 13 13
1981 13 13 13
1982 13 13 13
1983 13 13 13
1984 13 13 13
1985 13 13 13
1986 13 13 13
1987 13 13 13
1988 13 13 13
1989 13 13 13
1990 13 13 13
1991 13 13 13
1992 13 13 13
1993 13 13 13
1994 13 13 13
1995 13 13 13
1996 13 13 13
1997 13 13 13
1998 13 13 13
1999 13 13 13
2000 13 13 13
2001 13 13 13
2002 13 13 13
2003 13 13 13
2004 13 13 13
2005 13 13 13
2006 13 13 13
2007 13 13 13
2008 13 13 13
2009 13 13 13
2010 13 13 13
2011 13 13 13
2012 13 13 13
2013 13 13 13
2014 13 13 13
2015 13 13 13
2016 13 13 13
2017 13 13 13
2018 13 13 13
2019 13 13 13
2020 13 13 13
2021 13 13 13
2022 13 13 13
2023 13 13 13
2024 13 13 13
2025 13 13 13
2026 13 13 13
2027 13 13 13
2028 13 13 13
2029 13 13 13
2030 13 13 13
2031 13 13 13
2032 13 13 13
2033 13 13 13
2034 13 13 13
2035 13 13 13
2036 13 13 13
2037 13 13 13
2038 13 13 13
2039 13 13 13
2040 13 13 13
2041 13 13 13
2042 13 13 13
2043 13 13 13
2044 13 13 13
2045 13 13 13
2046 13 13 13
2047 13 13 13
2048 13 13 13
2049 13 13 13
2050 13 13 13
2051 13 13 13
2052 13 13 13
2053 13 13 13
2054 13 13 13
2055 13 13 13
2056 13 13 13
2057 13 13 13
2058 13 13 13
2059 13 13 13
2060 13 13 13
2061 13 13 13
2062 13 13 13
2063 13 13 13
2064 13 13 13
2065 13 13 13
2066 13 13 13
2067 13 13 13
2068 13 13 13
2069 13 13 13
2070 13 13 13
2071 13 13 13
2072 13 13 13
2073 13 13 13
2074 13 13 13
2075 13 13 13
2076 13 13 13
2077 13 13 13
2078 13 13 13
2079 13 13 13
2080 13 13 13
2081 13 13 13
2082 13 13 13
2083 13 13 13
2084 13 13 13
2085 13 13 13
2086 13 13 13
2087 13 13 13
2088 13 13 13
2089 13 13 13
2090 13 13 13
2091 13 13 13
2092 13 13 13
2093 13 13 13
2094 13 13 13
2095 13 13 13
2096 13 13 13
2097 13 13 13
2098 13 13 13
2099 13 13 13
2100 13 13 13
2101 13 13 13
2102 13 13 13
2103 13 13 13
2104 13 13 13
2105 13 13 13
2106 13 13 13
2107 13 13 13
2108 13 13 13
2109 13 13 13
2110 13 13 13
2111 13 13 13
2112 13 13 13
2113 13 13 13
2114 13 13 13
2115 13 13 13
2116 13 13 13
2117 13 13 13
2118 13 13 13
2119 13 13 13
2120 13 13 13
2121 13 13 13
2122 13 13 13
2123 13 13 13
2124 13 13 13
2125 13 13 13
2126 13 13 13
2127 13 13 13
2128 13 13 13
2129 13 13 13
2130 13 13 13
2131 13 13 13
2132 13 13 13
2133 13 13 13
2134 13 13 13
2135 13 13 13
2136 13 13 13
2137 13 13 13
2138 13 13 13
2139 13 13 13
2140 13 13 13
2141 13 13 13
2142 13 13 13
2143 13 13 13
2144 13 13 13
2145 13 13 13
2146 13 13 13
2147 13 13 13
2148 13 13 13
2149 13 13 13
2150 13 13 13
2151 13 13 13
2152 13 13 13
2153 13 13 13
2154 13 13 13
2155 13 13 13
2156 13 13 13
2157 13 13 13
2158 13 13 13
2159 13 13 13
2160 13 13 14
2161 13 13 14
2162 13 13 14
2163 13 13 14
2164 13 13 14
2165 13 13 14
2166 13 13 14
2167 13 13 14
2168 13 13 14
2169 13 13 14
2170 13 13 14
2171 13 13 15
2172 13 13 15
2173 13 13 15
2174 13 13 15
2175 13 13 15
2176 13 13 15
2177 13 13 15
2178 13 13 15
2179 13 14 15
2180 13 14 15
2181 13 14 15
2182 13 14 15
2183 13 14 15
2184 13 14 16
2185 13 14 16
2186 13 14 16
2187 13 14 16
2188 13 14 16
2189 13 14 16
2190 13 14 16
2191 13 14 16
2192 13 14 16
2193 13 14 16
2194 13 14 17
2195 13 14 17
2196 13 14 17
2197 13 14 17
2198 13 14 17
2199 13 14 17
2200 13 14 17
2201 13 14 17
2202 13 14 17
2203 13 14 17
2204 13 14 17
2205 13 14 17
2206 13 14 17
2207 13 14 18
2208 13 14 18
2209 13 14 18
2210 13 14 18
2211 13 14 18
2212 13 14 18
2213 13 14 18
2214 13 14 18
2215 13 14 18
2216 13 14 18
2217 13 14 18
2218 13 15 18
2219 13 15 18
2220 13 15 19
2221 13 15 19
2222 13 15 19
2223 13 15 19
2224 13 15 19
2225 13 15 19
2226 13 15 19
2227 13 15 19
2228 13 15 19
2229 13 15 19
2230 13 15 19
2231 13 15 19
2232 13 15 19
2233 13 15 19
2234 13 15 19
2235 13 15 20
2236 13 15 20
2237 13 15 20
2238 13 15 20
2239 13 15 20
2240 13 15 20
2241 13 15 20
2242 13 15 20
2243 13 15 20
2244 13 15 20
2245 13 15 20
2246 13 15 20
2247 13 15 20
2248 13 15 20
2249 13 15 21
2250 13 15 21
2251 13 15 21
2252 13 15 21
2253 13 15 21
2254 13 15 21
2255 13 15 21
2256 13 15 21
2257 13 15 21
2258 13 15 21
2259 13 15 21
2260 13 15 21
2261 13 15 21
2262 13 16 22
2263 13 16 22
2264 13 16 22
2265 13 16 22
2266 13 16 22
2267 13 16 22
2268 13 16 22
2269 13 16 22
2270 13 16 22
2271 13 16 22
2272 13 16 22
2273 13 16 22
2274 13 16 22
2275 13 16 22
2276 13 16 22
2277 13 16 22
2278 13 16 22
2279 13 16 23
2280 13 16 23
2281 13 16 23
2282 13 16 23
2283 13 16 23
2284 13 16 23
2285 13 16 23
2286 13 16 23
2287 13 16 23
2288 13 16 23
2289 13 16 23
2290 13 16 23
2291 13 16 23
2292 13 16 23
2293 13 16 23
2294 13 16 24
2295 13 16 24
2296 13 16 24
2297 13 16 24
2298 13 16 24
2299 13 16 24
2300 13 16 24
2301 13 16 24
2302 13 17 24
2303 13 17 24
2304 13 17 24
2305 13 17 24
2306 13 17 24
2307 13 17 24
2308 13 17 24
2309 13 17 24
2310 13 17 24
2311 13 17 24
2312 13 17 25
2313 13 17 25
2314 13 17 25
2315 13 17 25
2316 13 17 25
2317 13 17 25
2318 13 17 25
2319 13 17 25
2320 13 17 25
2321 13 17 25
2322 13 17 25
2323 13 17 25
2324 13 17 25
2325 13 17 25
2326 13 17 26
2327 13 17 26
2328 13 17 26
2329 13 17 26
2330 13 17 26
2331 13 17 26
2332 13 17 26
2333 13 17 26
2334 13 17 26
2335 13 17 26
2336 13 17 26
2337 13 17 26
2338 13 17 26
2339 13 17 26
2340 13 17 26
2341 13 17 26
2342 13 17 26
2343 13 17 26
2344 13 17 26
2345 13 17 27
2346 13 18 27
2347 13 18 27
2348 13 18 27
2349 13 18 27
2350 13 18 27
2351 13 18 27
2352 13 18 27
2353 13 18 27
2354 13 18 27
2355 13 18 27
2356 13 18 27
2357 13 18 27
2358 13 18 27
2359 13 18 27
2360 13 18 27
2361 13 18 27
2362 13 18 27
2363 13 18 27
2364 13 18 27
2365 13 18 28
2366 13 18 28
2367 13 18 28
2368 13 18 28
2369 13 18 28
2370 13 18 28
2371 13 18 28
2372 13 18 28
2373 13 18 28
2374 13 18 28
2375 13 18 28
2376 13 18 28
2377 13 18 28
2378 13 18 28
2379 13 18 28
2380 13 18 28
2381 13 18 28
2382 13 18 28
2383 13 18 28
2384 13 18 29
2385 13 18 29
2386 13 18 29
2387 13 18 29
2388 13 18 29
2389 13 18 29
2390 13 18 29
2391 13 18 29
2392 13 18 29
2393 13 18 29
2394 13 18 29
2395 13 18 29
2396 13 18 29
2397 13 18 29
2398 13 19 29
2399 13 19 29